african_great_lakes={
	location=4064
	color={
		57 168 220 
	}
	inland=yes
	outgoing={
		name="zanzibar"
		path={
			1273 1202 
		}
		control={
			3351.000000 607.000000 3388.000000 610.000000 3416.000000 580.000000 
		}
	}
	outgoing={
		name="kongo"
		path={
			4063 4070 4099 
		}
		control={
			3299.000000 628.000000 3287.000000 595.000000 3270.000000 574.000000 3260.000000 559.000000 3231.000000 537.000000 
		}
	}
	members={
		1273 1649 1798 1799 1925 4053 4054 4055 4056 4057 4058 4059 4060 4061 4062 4063 4064 4065 4066 4067 4068 4069 4070 4071 4072 4073 4074 4075 4076 4077 
	}
}
kongo={
	location=4097
	color={
		171 148 148 
	}
	inland=yes
	outgoing={
		name="ivory_coast"
		path={
			1170 1464 
		}
		control={
			3169.000000 587.000000 3115.000000 585.000000 3050.000000 593.000000 3007.000000 566.000000 2939.000000 618.000000 2930.000000 701.000000 
		}
	}
	outgoing={
		name="zambezi"
		path={
			4046 1191 1187 
		}
		control={
			3191.000000 456.000000 3231.000000 424.000000 3273.000000 399.000000 3319.139893 402.510010 
		}
	}
	members={
		798 1169 1170 1901 2948 2949 4081 4082 4083 4084 4085 4086 4087 4088 4089 4090 4091 4092 4093 4094 4095 4096 4107 4098 4100 4101 4102 4103 4097 4099 4105 4109 
	}
}
zambezi={
	location=1191
	color={
		32 164 51 
	}
	inland=yes
	outgoing={
		name="zanzibar"
		path={
			1192 1195 1196 
		}
		control={
			3369.000000 358.000000 3436.000000 414.000000 3412.000000 515.000000 
		}
	}
	members={
		1184 1185 1187 1188 1189 1190 1191 2950 2951 2952 4034 4035 4036 4037 4038 4039 4040 4041 4042 4043 4044 4045 4046 4047 4048 4050 4104 4106 4108 
	}
}
girin={
	location=730
	color={
		41 82 45 
	}
	outgoing={
		name="siberia"
		path={
			2109 722 721 1057 1060 1062 1064 
		}
		control={
			4726.000000 1497.000000 4604.000000 1533.000000 4431.000000 1539.000000 4365.000000 1590.000000 
		}
	}
	outgoing={
		name="beijing"
		path={
			2110 726 704 1816 
		}
		control={
			4752.000000 1386.000000 4719.000000 1397.000000 4671.000000 1368.000000 
		}
	}
	outgoing={
		name="nippon"
		path={
			732 1377 1376 
		}
		control={
			4805.000000 1332.000000 4833.000000 1296.000000 4845.000000 1259.000000 
		}
	}
	members={
		1850 1049 2107 2108 2111 2106 2186 1058 2102 2104 1053 2103 1034 1035 1036 1037 1038 1039 1040 1041 1042 1043 1044 1046 1047 1052 1783 2438 2439 2440 2446 1055 1056 1057 730 2110 2188 4201 1033 1048 1050 4214 4216 729 731 2105 4215 4217 722 2109 2187 4202 4203 724 725 4218 727 728 2185 4200 4654 4655 4656 4657 4658 4659 4660 4661 4662 4653 4663 4664 4665 4674 4675 4672 2115 
	}
}
lhasa={
	location=677
	inland=yes
	outgoing={
		name="chengdu"
		path={
			2132 2167 675 679 
		}
		control={
			4286.000000 1196.000000 4365.000000 1197.000000 4427.310059 1151.910034 
		}
	}
	#outgoing={
	#	name="doab"
	#	path={
	#	}
	#	control={
	#		4198.000 1127.000 4147.000 1126.000 4144.000 1111.000 4130.000 1075.000 4094.000 1068.000 4055.000 1094.000 
	#	}
	#}
	outgoing={
		name="ganges_delta"
		path={
		}
		control={
			4201.000000 1131.000000 4206.000000 1106.000000 4187.000000 1090.000000 4205.000000 1073.000000 4203.000000 1058.000000 4210.000000 1047.000000 4207.000000 1038.000000 4221.000000 1026.000000 4234.000000 1003.000000 
		}
	}

	outgoing={
		name="lahore"
		path={
		}
		control={
			4198.000 1127.000 4135.000 1130.500 4110.000 1140.000 4057.000 1177.000 4022.000 1214.500 3960.000 1242.000 3920.000 1250.000 3885.000 1240.000 3846.000 1236.000 3812.000 1238.000
		}
	}
	outgoing={
		name="samarkand"
		path={
			2129 2128 2074 508 
		}
		control={
			4149.000000 1199.000000 
		}
	}
	members={
		2129 2128 676 705 706 2134 4204 677 2130 4205 565 4481 4482 557 2070 2071 4483 4485 4514 4515 4516 4517 4518 4519 4520 
		4521 2074 2073 508 4449
		509 4493 511 2069 4492 4491 554
	}
}

chengdu={
	location=679
	inland=yes
	outgoing={
		name="canton"
		path={
			680 673 2163 2165 665 667 1371 
		}
		control={
			4506.000000 1143.000000 4513.000000 1093.000000 4498.000000 1039.000000 4528.000000 1030.000000 4568.000000 1025.000000 4580.000000 1023.000000 
		}
	}
	outgoing={
		name="xian"
		path={
			2169 689 700 
		}
		control={
			4474.000000 1173.000000 4519.000000 1194.000000 
		}
	}
	outgoing={
		name="gulf_of_siam"
		path={
			675 2167 2166 583 2400 
		}
		control={
			4416.000000 1100.000000 4374.000000 1058.000000 4303.000000 1027.000000 
		}
	}
	members={
		2132 2167 678 2135 2131 2133 660 661 2165 2166 679 680 4212 2169 2170 4211 675 2168 2748 4213 
	}
}
#burma={
#	location=584
#	color={
#		35 229 76 
#	}
#	outgoing={
#		name="ganges_delta"
#		path={
#			4396 1815 
#		}
#		control={
#			4297.000000 951.000000 4306.000000 891.000000 4277.000000 895.000000 4254.000000 947.000000 
#		}
#	}
#	outgoing={
#		name="gulf_of_siam"
#		path={
#			4395 585 586 590 2403 4835 4834 600 4831 1365 
#		}
#		control={
#			4310.000000 953.000000 4335.000000 902.000000 4351.000000 877.000000 4377.000000 878.000000 4383.000000 823.000000 
#		}
#	}
#	members={
#		570 573 2041 584 2399 581 2398 580 4393 2397 566 571 2040 2042 4440 4394 4396 585 4395 583 588 2400 4397 4406 587 2401 4398 582 2395 2396 4404 4405 567 2091 4473 1815 4399 586 590 2403 
#	}
#}
canton={
	location=1371
	outgoing={
		name="malacca"
		path={
			1394 1367 1362 1361 
		}
		control={
			4611.000000 901.000000 4555.000000 789.000000 4459.000000 737.000000 4475.000000 665.000000 
		}
	}
	outgoing={
		name="gulf_of_siam"
		path={
			1370 1369 1366 1364 1365 
		}
		control={
			4587.000000 968.000000 4547.000000 938.000000 4541.000000 874.000000 4511.000000 811.000000   4416.000000 771.000000
		}
	}
	outgoing={
		name="hangzhou"
		path={
			1372 1824 684 
		}
		control={
			4640.000000 1012.000000 4686.000000 1065.000000 4720.000000 1127.000000 
		}
	}
	outgoing={
		name="philippines"
		path={
			1394 1397 
		}
		control={
			4644.000000 947.000000 4672.000000 874.000000 4704.000000 866.000000 4711.000000 876.000000 4727.000000 885.000000 
		}
	}
	members={
		2161 1371 610 613 616 664 665 666 667 668 672 738 1016 1840 2154 2155 2156 2157 2158 2159 2160 2162 2163 2164 2173 2174 2372 671 2373 662 663 673 674 4199 4820 4819 4821 
	}
}
gulf_of_siam={
	location=1365
	color={
		84 152 93 
	}
	outgoing={
		name="malacca"
		path={
			1364 1362 1361 
		}
		control={
			4403.000000 767.000000 4431.000000 709.000000 4446.000000 665.000000 
		}
	}
	outgoing={
		name="ganges_delta"
		path={
			4396 1815 
		}
		control={
			4297.000000 951.000000 4306.000000 891.000000 4277.000000 895.000000 4254.000000 947.000000 
		}
	}
	members={
		570 573 2041 584 2399 581 2398 580 4393 2397 566 571 2040 2042 4440 4394 4396 585 4395 583 588 2400 4397 4406 587 2401 4398 582 2395 2396 4404 4405 567 2091 4473 1815 4399 586 590 2403 
		592 600 601 602 603 604 605 606 609 607 608 611 612 614 615 1817 1823 1844 1022 2374 2375 2376 2377 2378 2379 2380 2381 2382 2383 2384 2385 2386 2387 2388 2389 591 2404 2371 1365 589 4822 4823 4824 4825 4826 4827 4828 4829 4830 4831 4832 4833 4834 4835 4836 4837 4838 4839 4840 4841 4842 
	}
}
philippines={
	location=1397
	outgoing={
		name="the_moluccas"
		path={
			1399 1357 
		}
		control={
			4744.000000 846.000000 4743.000000 815.000000 4739.000000 798.000000 4692.000000 752.000000 4747.000000 732.000000 4773.000000 665.000000 4730.000000 612.000000 4750.479980 567.989990 
		}
	}
	outgoing={
		name="malacca"
		path={
			1399 1357 
		}
		control={
			4582.000000 798.000000
		}
	}
	outgoing={
		name="nippon"
		path={
		}
		control={
			4793.000000 1065.000000 4843.000000 1189.000000
		}
	}
	#outgoing={
	#	name="polynesia_node"
	#	path={
	#		1403 1434 1676 1734 
	#	}
	#	control={
	#		4926.000000 734.000000 5152.000000 704.000000 5459.000000 734.000000 0.000000 984.000000 
	#	}
	#}
	members={
		2740 1397 2701 2702 4355 652 653 4354 654 2700 4351 4352 4353 651 655 4356 657 658 2698 4348 656 2697 2699 4349 4350 2703 637 2709 2711 2710 4799 638 2712 4800 4801 2707 639 2708 2706 4803 4802 4804 640 2705 4806 2704 4805 636
	}
	ai_will_propagate_through_trade=yes
}

katsina={
	location=1149
	color={
		215 56 56 
	}
	inland=yes
	outgoing={
		name="timbuktu"
		path={
			1148 2273 2269 1133 2262 1132 
		}
		control={
			2899.000000 875.000000 2892.000000 894.000000 2852.000000 890.000000 2806.000000 912.000000 2790.000000 927.000000 
		}
	}
	outgoing = {
		name = "tunis"
		path = {
		}
		control = {
			2933.000 931.000 3008.000 996.000 3021.000 1082.000 3013.000 1188.000 2990.000 1220.000 2974.500 1275.000
		}
	}
	outgoing={
		name="ethiopia"
		path={
			2800 2772 
		}
		control={
			3011.000000 843.000000 3129.000000 858.000000 3245.860107 862.010010 3315.000000 898.000000 3333.000000 880.000000 3331.300049 866.299988 3355.000000 858.000000 
		}
	}
	members={
		1144 1146 1162 1145 1152 1153 1150 1154 1155 1156 1157 1158 1160 1161 1249 1149 1148 2273 2272 2274 2275 2276 2277 2278 2279 2280 2281 2282 2283 2284 2285 2286 2287 2288 2293 2475 1159 
	}
}
ethiopia={
	location=2772
	inland=yes
	outgoing={
		name="alexandria"
		path={
			1232 2321 361 358 
		}
		control={
			3350.000000 1051.000000 
		}
	}
	outgoing={
		name="gulf_of_aden"
		path={
			1213 1211 1212 4346 
		}
		control={
			3454.000000 793.000000 3486.000000 822.000000 3567.000000 840.000000 
		}
	}
	members={
		774 1217 1218 1222 1228 2756 2757 2758 2759 2760 2761 2762 2763 2772 2791 2778 2785 2797 2766 2767 2769 2770 2771 2779 2780 2781 1224 1213 1223 1214 1216 1221 2800 2801 2802 1229 1225 1226 1227 1220 1207 1208 1210 2798 2799 1219 2776 2932 4033 4158 2777 4051 4052 
	}
}
timbuktu={
	location=1132
	inland=yes
	outgoing = {
		name = "sevilla"
		path = {
		}
		control = {
			2746.000 1032.000 2719.000 1140.000 2701.000 1170.000 2704.000 1187.000 2723.000 1208.000 2732.000 1216.000
		}
	}
	outgoing={
		name="ivory_coast"
		path={
			2263 1135 2252 2255 2257 1466 
		}
		control={
			2764.000000 887.000000 2769.000000 881.000000 2755.000000 822.000000 2755.000000 770.000000 2773.000000 750.000000 
		}
	}
	members={
		1115 2237 2240 1122 1125 2251 1135 1137 2265 2266 1136 2256 2267 2252 2253 2254 2255 1138 2247 1120 1121 1124 1123 1131 1132 1134 1133 1142 2243 2244 2245 2246 2248 2249 2250 2259 2260 2261 2262 2263 2264 2268 2269 2270 1127 1128 1129 1130 2271 1140 1143 2291 2292 2295 
	}
}

hatton_bank = {
	location=1516
	members={ 
		2002 1095 2025 481 979 978 977 976 975 974 972 2022 2609 2610 2611 2612 2613
		2481 2482 2483 872 2019 2020 2489 2490 2486 2487 2488 873 2484 2485 874 2604 2605 2606 2607
		2003 973 2004 2602 2017 2018 2599 2600 2601 2603 2506
		2857 2879 2884 2887 #Rio Grande
		759 765 2891 2892 2894 2898 2899 #Minas Gerais
		758 2906 2907 2908 2909 2910 2911 2919 #Goias
		2881 2888 2893 2900 2901 2902 2903 2904 2905 2920 #Mato Grosso
		766 768 769 2895 2896 2897 #Sao Paolo
		762 763 764 #Rio De Janeiro
		756 757 760 761 2914 2916 #Bahia
		750 751 753 754 755 2885 2912 2913 2915 2917 2918 2921 2922 #Pernambuco
		749 752 2886 2923 2924 2925 2926 2927 #Maranhao
		747 748 2890 2928 2929 2930 2933 2934 2935 #Grao-Para
		2889 2938 #Guyana
		780 781 782 786 2863 2868 2869 2870 2875 2876 #Patagonia
		785 2843 2844 2845 2847 2867 2871 2872 2877 #Cuyo
		779 2860 2861 2865 2866 #Southern Pampas
		777 778 2846 2848 2849 2853 2855 2858 2859 #Buenos Aires
		791 794 2836 2837 2839 2842 #tucuman
		790 2854 2878 #Chaco
		772 773 2850 2851 2852 #Banda Oriental
		783 784 787 792 793 796 2840 2841 2862 2873 2874 #Chile
		775 776 799 2882 2883 #Paraguay
		795 797 800 801 802 803 2831 2832 2833 2834 2835 2838 2940 2941 2942 2946 2947 #Bolivia
		804 805 809 810 811 812 813 814 2821 2822 2823 2824 2825 2826 2827 2943 #Tawantisuyu
		806 807 808 2828 2829 2830 #Kuntisuyu
		2944 2945 #Amazon
		1010 1008 1009 1011 1006 1005 1004 1007 1002 1003 1000 999 998 1001 992 991 989 988 987
		993 990 994 986 985 984 995 996 997 981 980 983 982 1813 2012 2015 2568 2569 2570
		2571 2572 2573 2574 2575 2576 2577 2578 2579 2580 2581 2582 2583 2584 2585 2586 2587 2588
		2589 2590 2591 2592 2593 2594 2595 2596 2597 2670 2671
		4890 4891 4892 4893 4894 4895 4896 4897 4919 4920
		2005 2598
		929 931 932 933 935 936 937 938 949 950 951 952 953 954 955 956 957 958 962 963 965
		966 967 968 970 971 926 927 928 930 923 924 922 934 939 941 940 948 947 946 959 960 961
		964 969 925 2010 2011 2013 2023 2525 2526 2527 2531 2532 2533 2534 2535 2536 2537 2538
		2539 2540 2541 2542 2543 2544 2545 2546 2547 2548 2549 2550 2551 2552 2553 2554 2555 2556
		2557 2558 2559 2560 2561 2562 2563 2564 2565 2566 2567 2639
		4626 4625
		4871 4872 4873 4874 4875 4876 4877 4878 4879 4880 4881 4882 4883 4888 4889 4907 4912 4913 4921
		4887 918 
		919 2528 920 4884 2529
		921 2530
		893 894 895 897 899 900 915 916 942 943 896 917 909 906 898 901 903
		907 908 905 904 902 944 945 914 913 912 911 910 1809 2006 2007 2008 2009 2014 2016
		2501 2502 2503 2504 2505 2507 2508 2509 2510 2511 2512 2513 2514 2515 2516 2517 2518 2519
		2520 2521 2522 2523 2524 2625 2672
		4885 4886 4898 4899 4900 4901 4902 4903 4904 4905 4906 4908 4914 4915 4916 4917 4918 4922 4923
		889 890 891 892
		868 867 876 875 870 869 871 2021
		2476 2477 2478 2479 2480 2491
		2493
		4638 4637 4636 4635 4634
		865 866 2620 4639 4577 2616 4650 862 4649 877 4633 # beja california, arizona, and sonoria
		878 2494 879 2492
		863 864 859 860 861 855 856 858 857 854 851 853 849 850 848 847 844
		852 846 845 843 842 841 840 839 882 885 881 880 884 888
		883 886 887 2495 2496 2497 2498 2499 2500 2614 2615 2617 2618 2619
		2621 2622 2623 2624 2626 2627 2628 2629 2630 2631 2632 2633 2634 2635 2636 2637 2638 2640
		2641 2642 2643 2644 2645 2646 2647 2648 2649 2650 2651 2652 2653 2657 2662
		2665 2666 2667 2668 2669
		4632 4631 4630 4628 4629 4627 4606 4644 4646 4648 4647 4645 4643 4642 4578 4640 4576 4579 4580 4575 4574 4573 4641 4572 4571 4570 4581 4583 4598 4582 4584 4585 4586 4587 4594 4589 4588 4590 4591 4593
		4909 4910 4911
		482 483 484 485 486 487 488 489 490 491 492 493 494 495 496 497 498 499 500 501 1881
		2654 2655 2656 2658 2659
		4624 4622 4623 4619 4618 4620 4621
		815 816 817 818 819 820 821 2820 #Quito
		822 823 824 825 826 827 832 2812 2814 2815 2816 2817 2818 #New Granada
		835 836 838 2660 2663 2664 2819 #Castilla del Oro
		828 829 2806 #New Andalucia
		502 741 742 830 831 834 2803 2805 2807 2808 2809 2810 2811 2813 2939 #Venezuela
		2931 743 744 745 2937 2804 746 #Guyana
		4592 4597 4595 4596 4599 4600 4601 4602 4610 4603 4614 4611 4609 4612 4613 4608 4607 4617 4605 4604 4615 4616 # new for 1.28
		2661 837
	}
	outgoing={
		name="ivory_coast"
		path={
			1596 1597 1586 1585 1466 
		}
		control={
			2333.000000 600.000000 2480.000000 657.000000 2624.000000 550.000000 2788.000000 549.000000 
		}
	}
	outgoing={
		name="hangzhou"
		path={
			
		}
		control={
			1361.000000 765.000000
		}
	}
	outgoing={
		name="nippon"
		path={
			
		}
		control={
			1361.000000 765.000000
		}
	}
	outgoing={
		name="the_moluccas"
		path={
		}
		control={
			1361.000000 765.000000
		}
	}
	outgoing={
		name="australia"
		path={
			
		}
		control={
			1361.000000 765.000000
		}
	}
		
	#outgoing={
	#	name="north_sea"
	#	path={
	#	}
	#	control={
	#		2616.000000 1643.500000 2735.000000 1747.000000 2819.000000 1721.000000
	#	}
	#}
	outgoing={
		name="baltic_sea"
		path={
		}
		control={
			2537.500000 1480.000000 2616.000000 1643.500000 2735.000000 1747.000000 2819.000000 1721.000000 2885.000000 1687.000000 2955.000000 1690.5000002983.000000 2979.000000 1645.000000 2974.000000 1637.000000 2979.000000 1627.000000 2976.000000 1618.000000 2974.000000 1612.000000
		}
	}
	outgoing={
		name="english_channel"
		path={
		}
		control={
			2537.500000 1480.000000 2659.000000 1529.000000 2765.000000 1549.000000
		}
	}
	outgoing={
		name="bordeaux"
		path={
		}
		control={
			2537.500000 1480.000000 2640.000000 1428.000000 2692.000000 1404.000000
		}
	}
	outgoing={
		name="holland"
		path={
		}
		control={
			2537.500000 1480.000000 2759.000000 1516.000000	2808.000000 1522.000000
		}
	}
	outgoing={
		name="sevilla"
		path={
		}
		control={
			2537.500000 1480.000000 2623.000000 1351.000000	2667.000000 1311.000000 2681.000000 1300.000000
		}
	}
}
polynesia_node={
	location=1997
	color={
		220 138 57 
	}
	outgoing={
		name="nippon"
		path={
			1675 1672 1671 1439 1437 
		}
		control={
			10.000000 1113.000000 5518.000000 1163.000000 5298.000000 1212.000000 5079.000000 1151.000000 
		}
	}
	outgoing={
		name="hangzhou"
		path={
			1675 1672 1671 1439 1437 
		}
		control={
			5075.000000 1065.000000
		}
	}
	outgoing={
		name="the_moluccas"
		path={
		}
		control={
			5478.000000 546.000000
		}
	}
	outgoing={
		name="australia"
		path={
			1735 1732 1733 1431 1427 
		}
		control={
			50.000000 559.000000 5388.000000 142.000000 
		}
	}
	members={
		1238 1242 1244 1989 1243 1990 1992 1240 1997 1235 1995 1996 1241 1991 1993 1994 1988 1986 1236 1987 1239 4934 4935 4936 4937 4938 
	}
	ai_will_propagate_through_trade=yes
}
australia={
	location=1411
	outgoing={
		name="the_moluccas"
		path={
			1411 1407 1410 1409 1401 1357 
		}
		control={
			5196.000000 344.000000 5122.000000 453.000000 4963.000000 459.000000 4902.000000 544.000000 4800.000000 542.000000 
		}
	}
	outgoing={
		name="cape_of_good_hope"
		path={
			1352 1624 1623 1647 1630 1626 1459 
		}
		control={
			5209.000000 116.000000 5068.500000 53.500000 4682.000000 78.000000 4159.000000 494.000000 3997.000000 488.000000 3821.000000 400.000000 3627.000000 201.000000 3483.000000 72.000000 3234.000000 10.000000 
		}
	}
	members={
		1084 1085 1086 1087 1088 1089 1090 1091 1092 1093 1094
		1246 1109 1107 1108 1106 2726 2727 2728 2729 2730 2731
		2732 2733 2734 2735 2736 2737 2738 2739

		#Mandala Provinces
		4846 4847 4848 4849 4850 4851 4852 4853 4854 4855 4856 4857 4858
		4859 4860 4861 4862 4863 4864 4865 4866 4867 4868 4869 4939 
	}
}
nippon={
	location=1376
	outgoing={
		name="hangzhou"
		path={
			1389 1373 684 
		}
		control={
			4801.000000 1197.000000 4760.000000 1154.000000 
		}
	}
	members={
		1376 1012 1014 1017 1018 1019 1020 1021 1023 1024 1025 1026 1027 1028 1029 1030 1031 1032 1818 1819 1820 1825 1830 1832 1835 1837 1839 1843 1847 1852 4131 4180 4181 4182 4183 4184 4185 4186 4187 4188 4189 4190 4191 4192 4193 1015 4359 4360 4651 1845 2744 4232 732 2742 2743 733 735 4230 4231 734 736 2694 2745 4227 737 1013 2741 4228 4229 
	}
}
hangzhou={
	location=684
	outgoing={
		name="xian"
		path={
			686 687 1836 700 
		}
		control={
			4684.000000 1156.000000 4652.000000 1177.000000 4599.000000 1195.000000 4573.000000 1192.000000 4537.000000 1199.000000 
		}
	}
	outgoing={
		name="beijing"
		path={
			684 1373 1374 1375 
		}
		control={
			4731.000000 1164.000000 4743.000000 1243.000000 4715.000000 1289.000000 4689.000000 1298.000000 
		}
	}
	outgoing={
		name="malacca"
		path={
			1373 1392 1393 1395 1368 1360 1361 
		}
		control={
			4735.000000 1133.000000 4783.000000 1092.000000 4723.000000 1053.000000 4669.000000 934.000000 4651.000000 849.000000 4583.000000 774.000000 4518.000000 688.000000 4471.000000 646.000000 
		}
	}
	members={
		669 670 683 684 685 686 1821 1822 1824 1829 1833 1838 1897 2143 2144 2145 2146 2147 2148 2149 2150 2151 2152 2153 2141 2142 4196 
	}
}
xian={
	location=700
	inland=yes
	outgoing={
		name="beijing"
		path={
			1836 692 2137 2140 691 2138 1375 1816 
		}
		control={
			4532.000000 1227.000000 4550.000000 1235.000000 4592.540039 1233.510010 4622.000000 1257.000000 4638.000000 1267.000000 4660.000000 1280.000000 4671.000000 1300.000000 
		}
	}
	outgoing={
		name="yumen"
		path={
			689 698 706 707 
		}
		control={
			4503.000000 1223.000000 4476.000000 1256.000000 4436.000000 1282.000000 
		}
	}
	members={
		687 1836 2181 2180 698 699 688 692 2183 2175 2176 681 682 2171 2172 4197 689 700 2179 4198 701 709 2191 4223 4676 
	}
}
beijing={
	location=4233
	outgoing={
		name="yumen"
		path={
			695 696 697 701 709 707 
		}
		control={
			4642.000000 1325.000000 4583.000000 1333.000000 4520.000000 1311.000000 4429.000000 1321.000000 
		}
	}
	members={
		690 691 702 2138 2139 2140 2114 2747 703 1816 2136 4194 695 696 2137 4195 704 726 2112 2113 693 694 697 2177 2178 4233 4652 4671 4670 
	}
}
the_moluccas={
	location=1357
	color={
		84 12 93 
	}
	outgoing={
		name="malacca"
		path={
			1358 1360 
		}
		control={
			4669.000000 535.000000 4548.000000 575.000000 4489.000000 622.000000 
		}
	}
	members={
		646 2687 2688 2689 2690 2718 2724 1357 1245 647 645 2717 648 649 650 2725 2696 2695 635 633 634 643 2713 2714 642 2715 641 2716 632 627 2691 631 2693 629 2692 628 626 625 630 624 644 2723 2722 2721 1237 2720 2719 1789 4790 4791 4792 4793 4794 4795 4796 4797 4798 4845 
	}
	ai_will_propagate_through_trade=yes
}
yumen={
	location=707
	inland=yes
	outgoing={
		name="samarkand"
		path={
			713 1786 739 1785 452 1967 454 
		}
		control={
			4257.000000 1318.000000 4131.000000 1298.000000 4047.000000 1300.000000 3994.000000 1290.000000 3932.000000 1308.000000 3893.000000 1304.000000 3863.000000 1312.000000 
		}
	}
	outgoing={
		name="siberia"
		path={
			
		}
		control={
			4168.000 1398.000 4019.000 1394.000 3861.000 1505.000
		}
	}
	members={
		710 1786 707 708 711 714 719 1784 2118 2119 2123 2189 2190 2194 2182 2184 2122 4206 4207 717 721 2116 4219 4220 720 2193 4221 713 715 2120 4208 718 2117 4222 712 2121 2192 4673 4666 4667 723 4669 4668 4681 4683 4682 4678 4677 4680 4684 4693 
	}
}

malacca={
	location=1361
	outgoing={
		name="ganges_delta"
		path={
			1348 1347 1345 1344 1343 
		}
		control={
			4329.000000 740.000000 4311.000000 813.000000 4279.000000 878.000000 4242.000000 943.000000 
		}
	}
	outgoing={
		name="cape_of_good_hope"
		path={
			1352 1624 1623 1647 1630 1626 1459 
		}
		control={
			4470.000000 623.000000 4477.000000 580.000000 4429.000000 542.000000 4281.000000 536.000000 4159.000000 494.000000 3997.000000 488.000000 3821.000000 400.000000 3627.000000 201.000000 3483.000000 72.000000 3234.000000 10.000000 
		}
	}
	members={
		593 594 595 596 597 598 599 617 618 619 620 621 622 623 659 1361 2390 2391 2392 2393 2394 2673 2674 2675 2676 2677 2678 2679 2680 2681 2682 2683 2684 2685 2686 4809 4810 4811 4812 4813 4814 4815 4816 4817 4818 
	}
	ai_will_propagate_through_trade=yes
}

ganges_delta={
	location=1343
	outgoing={
		name="comorin_cape"
		path={
			1342 1341 1340 
		}
		control={
			4126.000000 928.000000 4037.000000 783.500000 
		}
	}
	outgoing={
		name="doab"
		path={
			1343 564 563 2044 558 2095 556 2063 
		}
		control={
			4184.000000 1014.000000 4186.000000 1026.000000 4182.000000 1038.000000 4187.000000 1046.000000 4178.000000 1059.000000 4162.000000 1064.000000 4151.000000 1062.000000 4130.000000 1065.000000 4106.000000 1059.000000 4076.000000 1067.000000 4056.000000 1086.000000 
		}
	}
	members={
		1343 553 2082 4447 4451 4452 547 2048 4445 4446 4448 561 2081 4476 4477 564 2039 4474 4475 4478 552 2038 2043 2049 4441 560 2096 4450 4470 4471 562 2045 2046 4486 563 2044 4479 568 579 2402 558 4469 4472 4489 2047 4484 4487 4488 
	}
	#outgoing={
	#	name="lhasa"
	#	path={
	#		562 4479 
	#	}
	#	control={
	#		4201.000000 1131.000000 4206.000000 1106.000000 4187.000000 1090.000000 4205.000000 1073.000000 4203.000000 1058.000000 4210.000000 1047.000000 4207.000000 1038.000000 4221.000000 1026.000000 4234.000000 1003.000000 
	#	}
	#}
}
doab={
	location=524
	color={
		236 162 19 
	}
	inland=yes
	outgoing={
		name="deccan"
		path={
			525 740 2057 
		}
		control={
			4014.000000 1082.000000 4030.000000 1062.000000 4018.000000 1024.000000 3998.000000 1002.000000 3987.000000 966.000000 
		}
	}
	outgoing={
		name="lahore"
		path={
		}
		control={
			4015.000 1115.000 3994.000 1158.000 3974.500 1167.500 3925.000 1212.000 3906.000 1213.000 3877.000 1213.000 3855.000 1216.000 3810.000 1204.500
		}
	}
	outgoing={
		name="gujarat"
		path={
		}
		control={
			4013.000 1115.000 3973.000 1165.000 3921.000000 1136.000000 3872.000000 1087.000000 3879.000000 1059.000000 
		}
	}
	
	members={
		522 2060 2062 2061 4498 4499 519 520 2064 4500 523 2094 4494 4495 4497 555 2055 2095 4490 524 556 2063 4496 525 528 740 4464 4465 559 2059 4459 4466 4467 2097 2098 4468      
		1785 1787 2200 507 2075 2076 4510 4513 2077 2078 4511 510 2065 4411 4463
		506 4509 4508 2079 2086
	}
}
lahore={
	location=446
	color={
		63 150 30 
	}
	inland=yes
	outgoing={
		name="samarkand"
		path={
		}
		control={
			3780.000 1265.000
		}
	}
	outgoing={
		name="persia"
		path={
		}
		control={
			3732.000 1249.000 3712.000 1253.000 3639.000 1237.000 3612.000 1243.000 3583.000 1250.000 3561.000 1263.000
		}
	}
	outgoing={
		name="basra"
		path={
		}
		control={
			3774.000 1181.000 3765.000 1159.000 3712.000 1133.000 3695.000 1097.000 3684.000 1086.000 3655.000 1075.500 3608.500 1099.500
		}
	}
	members={
		578 2226 452 448 451
		450 2227 2228 
		447 449 2225 
		576 577 2068
		432 2220 2234 4345
		435 2224 2229 2230 #sistan_area
		436 4334 4336 #birjand_area
		446 4324 4325 #herat_area
		2221 2235 2236 4326 #mashhad_area
	}
}
deccan={
	location=1948
	color={
		241 13 61 
	}
	inland=yes
	outgoing={
		name="gujarat"
		path={
			4433 517 1337 
		}
		control={
			3964.000000 943.000000 3919.000000 945.000000 
		}
	}
	outgoing={
		name="comorin_cape"
		path={
			541 4422 4414 2026 
		}
		control={
			4009.000000 916.000000 4000.000000 889.000000 4009.000000 873.000000 4019.000000 855.000000 4024.000000 827.000000 4035.000000 814.000000 4006.000000 783.000000 
		}
	}
	members={
		526 2056 2057 2093 4461 550 551 2092 4458 4460 532 2033 4428 2028 4438 4444 542 2037 4436 4439 527 4434 4453 569 1948 2035 4435 546 548 2050 4442 4443 1946 2034 4431 544 545 4432 4433 4437 
	}
}
comorin_cape={
	location=1340
	color={
		13 255 179 
	}
	outgoing={
		name="gulf_of_aden"
		path={
			1615 1451 1331 
		}
		control={
			3866.000000 794.500000 3715.000000 850.000000 
		}
	}
	outgoing={
		name="gujarat"
		path={
			1339 2030 1337 
		}
		control={
			3952.000000 822.000000 3895.000000 915.000000 
		}
	}
	outgoing={
		name="cape_of_good_hope"
		path={
			1619 1621 1636 1626 1459 
		}
		control={
			4004.000000 736.000000 3900.000000 556.000000 3712.000000 299.000000 3414.000000 88.000000 3217.000000 36.000000 
		}
	}
	members={
		1340 2083 4418 4419 4420 539 540 1947 2027 4417 536 2101 4412 2100 4408 4409 572 2099 4407 574 1101 1248 1998 1999 538 2085 4414 2026 4415 4416 533 2031 4421 4422 4426 541 1949 2090 4423 4424 534 535 537 4410 4413 531 2029 2030 2032 4427 543 549 2084 2080 4425 
	}
}
gujarat={
	location=504
	color={
		135 104 85 
	}
	outgoing={
		name="gulf_of_aden"
		path={
			1336 1333 1332 1331 
		}
		control={
			3809.000000 1011.000000 3760.000000 967.000000 3677.000000 901.000000 
		}
	}
	outgoing={
		name="zanzibar"
		path={
			1336 1452 1451 1453 1447 
		}
		control={
			3839.000000 977.000000 3819.000000 933.000000 3700.000000 780.000000 3699.000000 669.000000 
		}
	}
	outgoing={
		name="basra"
		path={
		}
		control={
			3798.500 1050.500 3754.500 1054.500 3702.500 1063.500 3689.000 1080.500 3655.000 1075.500 3608.500 1099.500
		}
	}
	members={
		518 2058 2087 4501 4462 513 514 2067 4506 504 2088 4503 4504 505 2072 4505 529 530 2089 4429 515 521 2052 4454 4455 517 2036 4430 503 2053 4456 4480 516 2051 2054 4512 4457 512 4502 4507 2066
	}
}
gulf_of_aden={
	location=4346
	outgoing={
		name="zanzibar"
		path={
			1446 1447 1448 
		}
		control={
			3619.000000 810.000000 3602.000000 764.000000 3521.500000 652.000000 
		}
	}
	outgoing={
		name="alexandria"
		path={
			1330 1329 1328 361 358 
		}
		control={
			3519.000000 841.000000 3465.000000 874.500000 3370.000000 1051.000000 3329.000000 1110.000000 3317.000000 1130.000000 3304.000000 1146.000000 3284.000000 1143.000000 
		}
	}
	outgoing={
		name="basra"
		path={
		}
		control={
			3667.000 917.500 3740.000 984.000 3746.000 1018.500 3724.500 1038.000 3696.500 1046.500 3689.000 1081.000 3677.000 1078.000 3647.000 1052.000 3619.000 1047.000 3615.000 1062.500 3610.000 1079.000 3597.500 1083.000 3567.500 1123.500
		}
	}
	members={
		2324 2775 2782 2783 2786 2788 2789 2790 2793 2794 2795 2024 1205 1206 1209 1212 1215 1230 2765 2773 2792 2784 1211 2764 2787 1232 1331 1779 2768 401 2341 2342 402 1099 4284 387 2346 4279 390 2344 4281 388 2345 4280 386 391 4282 389 2343 4283 1328 1329 1330 4333 4346 
		385 2331 2332 4277 4278
		384 2329 2330
	}
}
basra={
	location=1335
	outgoing={
		name="aleppo"
		path={
			408 409 406 382 377 
		}
		control={
			3542.000000 1156.000000 3501.000000 1170.000000 3487.000000 1204.000000 3448.000000 1222.000000 3423.000000 1245.000000 
		}
	}
	outgoing={
		name="persia"
		path={
		}
		control={
			3567.000 1165.000 3538.000 1183.000 3516.500 1189.500 3501.000 1202.000 3531.000 1217.000 3548.000 1221.000 3573.000 1219.000 3581.000 1246.500 3561.000 1263.000 
		}
	}
	members={
		1335 412 2217 4289 4290 4342 394 395 396 2340 2347 393 2338 4272 392 2337 4273 4274 2335 2336 2339 4275 408 2311 2312 4288 406 409 410 2310 4291 2334 4276 
		397 398 404 2333 434 575 2231 2232 2233 430 2219 2223 4332 2218 4329 4330 4331 403 4285 4287 399 400 4286 431 2999 4327 1332 1334 4347 
	}
}

aleppo={
	location=377
	color={
		202 150 172 
	}
	outgoing={
		name="constantinople"
		path={
			1317 1848 322 317 1320 
		}
		control={
			3308.000000 1243.000000 3264.000000 1243.000000 3239.500000 1253.500000 3205.500000 1316.500000 
		}
	}
	outgoing={
		name="persia"
		path={
		}
		control={
			 3406.000 1271.000 3434.000 1280.000 3460.000 1280.000 
		}
	}
	outgoing={
		name="alexandria"
		path={
			1316 1315 358 
		}
		control={
			3353.000000 1241.000000 3335.000000 1200.000000 3284.000000 1180.000000 
		}
	}
	members={
		418 2306 2307 4295 4296 377 1849 2313 4298 378 382 1855 4297 407 411 2309 2314 4292 332 2303 2308 4310 405 4270 4271 163 320 321 2302 2298 327 1848 323 324 2301 4307 331 2305 4302
	}
}
persia={
	location=416
	color={
		204 119 31 
	}
	inland=yes
	outgoing={
		name="astrakhan"
		path={
		}
		control={
			3556.000 1296.000 3576.000 1330.000 3563.000 1355.000
		}
	}
	outgoing={
		name="samarkand"
		path={
		}
		control={
			3576.000 1330.000 3735.000 1284.000
		}
	}
	outgoing={
		name="constantinople"
		path={
		}
		control={
			3514.000 1310.000 3500.000 1328.000 3477.500 1317.000 3451.000 1320.000 3428.000 1340.000 #3391.500 1360.000 3350.500 1367.500 3292.500 1361.500 3262.000 1349.000
		}
	}
	outgoing={
		name="crimea"
		path={
		}
		control={
			3548.000 1296.000 3536.000 1335.000 3501.000 1353.000 3460.000 1369.000 3394.500 1394.500 #3338.000 1396.500
		}
	}
	members={
		427 428 2213 2216 4337 #iraq_e_ajam_area
		417 426 2214 4339 4341 #tabarestan_area
		416 2206 2207 4304 #tabriz_area
		2212 2215 4300 4338 #azerbaijan_area
		415 2211 4293 4294
		413 414 2209 2210
		424 4340
		422 462 1856 #imereti_area
		2196 2204 4303 #samtskhe_area
		423 2203 4301 #kartli_kakheti_area
		419 2202 2205 #armenia_area
		421 4299 4305 420 #shirvan_area
		429 433 2222 4335 4171 #isfahan_area
	}
}

samarkand = {
	location = 454
	color = { 49 185 191 }
	outgoing = {
		name = "astrakhan"
		path = {
			442 440 443 470 465 464 
		}
		control = {
			3824.000000 1312.000000 3774.000000 1329.000000 3728.000000 1356.000000 3682.000000 1386.000000 3657.000000 1444.000000 3610.000000 1470.000000 
		}
	}	
	outgoing = {
		name = "siberia"
		path = {
		}
		control = {
			3844.500 1344.000
		}
	}
	members = {
		458 460 1967 #ferghana_area
		457 2364 2356 #arys_area
		455 1970 2363 #kyzylkum_area
		444 445 2350 #merv_area
		1968 4344 4343 #termez_area
		454 #samarkand_area
		442 453 441 #transoxiana_area
		440 1973 2362 2370 #khiva_area
		437 438 439 443 2349 #transcaspia_area
		739 2124 2127 4209 4210 
		459 461 2126 2368 2125 #jetysuu_area
	}
}
siberia = {
	location = 1075
	inland = yes
	color = { 139 138 160 }
	outgoing = {
		name = "kazan"
		path = {
		}
		control = {
			3686.000 1753.000
		}
	}
	outgoing = {
		name = "astrakhan"
		path = {
		}
		control = {
			3736.000 1488.000 3613.000 1503.000
		}
	}
	members = {
		476 2351 2353 2358 2359 #kazakhstan_area
		477 478 2355 2360 4685 #balchasj_area
		1080 1078 1780 2427 2441 #ural_area
		1074 1075 1076 2369 4692 #ishim_area
		479 2354 2357 4686 4690 #aqmola_area
		1071 2434 4687 4688 4689 #yrtesh_area
		480 2428 2429 2433 #ob_area
		1068 1070 #central_siberia_area
		1069 1072 1073 2445 4691 #kara_area
		716 1065 1066 4679
		1064 1067 2430 
		2431 2432 2436 1059 1061
		2443 1063 1062 1060 2442
		1054 2437 1045 2435 1051
		456 1969 2352 2361 #syr_darya_area
	}
}


zanzibar={
	location=1448
	color={
		130 17 17 
	}
	outgoing={
		name="cape_of_good_hope"
		path={
			1449 1456 1457 1458 1459 1460 
		}
		control={
			3492.000000 449.000000 3452.000000 374.500000 3388.000000 270.000000 3347.500000 175.000000 3233.000000 73.500000 
		}
	}
	members={
		1448 788 1100 1102 1103 1183 1186 1192 1193 1194 1195 1196 1197 1198 1199 1200 1201 1202 1203 1204 1792 2796 2774 4020 4021 4022 4023 4024 4025 4026 4027 4028 4029 4030 4031 4032 4049 
	}
}
cape_of_good_hope={
	location=1460
	outgoing={
		name="ivory_coast"
		path={
			1461 1462 1463 1464 1465 1466 
		}
		control={
			3032.500000 172.000000 2973.000000 355.000000 2999.000000 503.500000 2933.000000 610.000000 2916.500000 697.500000 
		}
	}
	#outgoing={
	#	name="hatton_bank"
	#	path={
	#		1461 1462 1463 1464 1465 1466 
	#	}
	#	control={
	#		3032.500000 172.000000 2973.000000 355.000000 2999.000000 503.500000 2933.000000 610.000000 2916.500000 697.500000 2698.000000 664.000000 2487.000000 781.000000 2447.000000 1068.000000 2433.000000 1258.000000
	#	}
	#}
	members={
		1460 789 833 1175 1176 1177 1178 1179 1180 1181 1182 1173 1800 2856 2864 2880 4781 4782 4783 4784 4942 4943 4944 4945 4946 4947 4948 4949 4950 4951 4952 4953 4954 4955 4956 4957 4958
	}

}
ivory_coast={
	location=1466
	#outgoing={
	#	name="carribean_trade"
	#	path={
	#		1467 1468 1579 1577 1576 1522 1520 1519 1517 1516 
	#	}
	#	control={
	#		2696.000000 657.000000 2431.000000 777.000000 2279.000000 894.000000 2168.000000 924.000000 2002.000000 1051.000000 1858.000000 1053.000000 1775.000000 1062.000000 1703.000000 1066.000000 1631.000000 1102.000000 
	#	}
	#}
	outgoing={
		name="bordeaux"
		path={
			1467 1468 1470 1471 1566 1563 
		}
		control={
			2693.000000 675.000000 2498.000000 819.000000 2482.000000 1053.000000 2488.000000 1226.000000 2589.000000 1369.000000 
		}
	}
	outgoing={
		name="english_channel"
		path={
			1467 1468 1470 1471 1566 1563 
		}
		control={
			2698.000000 664.000000 2487.000000 781.000000 2447.000000 1068.000000 2433.000000 1258.000000 2599.000000 1456.000000
		}
	}
	outgoing={
		name="holland"
		path={
			1467 1468 1470 1471 1566 1563 
		}
		control={
			2698.000000 664.000000 2487.000000 781.000000 2447.000000 1068.000000 2433.000000 1258.000000 2599.000000 1456.000000 2758.000000 1507.000000 2845.000000 1549.000000 
		}
	}
	outgoing={
		name="sevilla"
		path={
			1467 1468 1470 1471 1566 1563 
		}
		control={
			2702.000000 692.000000 2568.000000 783.000000 2516.000000 940.000000 2548.000000 1064.000000 2617.000000 1127.000000 2641.000000 1223.000000 
		}
	}
	members={
		1164 1165 1166 1096 1793 2241 1466 1097 1098 1118 1119 1151 1163 2242 1168 1306 4078 4079 4080 1126 1139 1141 2257 2258 1147 2289 2290 2294 1111 1112 1113 1116 2239 1114 1117 2238 1167 1171 1172 1174 
	}
}

alexandria={
	location=358
	color={
		200 200 102 
	}
	outgoing={
		name="constantinople"
		path={
			362 363 1316 1932 318 317 1320 
		}
		control={
			3272.000000 1172.000000 3275.000000 1197.000000 3266.000000 1216.000000 3236.000000 1243.000000 3203.000000 1286.000000 3203.000000 1315.000000 3216.000000 1325.000000 3227.000000 1333.000000 
		}
	}
	outgoing={
		name="venice"
		path={
			1315 1318 145 1773 144 143 1310 1309 1308 
		}
		control={
			3253.000000 1183.000000 3216.000000 1220.000000 3160.000000 1229.000000 3130.000000 1251.000000 3108.000000 1291.000000 3100.000000 1332.000000 3080.500000 1356.000000 3031.000000 1383.000000 
		}
	}
	outgoing={
		name="genua"
		path={
			357 1314 1313 1306 1302 1303 1298 1297 
		}
		control={
			3239.500000 1153.500000 3180.000000 1204.000000 3093.000000 1203.000000 3017.500000 1244.500000 2977.000000 1288.000000 2967.000000 1347.000000 2935.000000 1348.000000 
		}
	}
	members={
		1234 2322 2323 1233 2318 4323 358 362 363 361 2316 4316 4317 359 2317 4318 360 1231 2319 4319 4320 356 357 2325 2326 4321 4322 
		365 2315 2320 2321 
		1854 364 379 380 381 2327
		383 2328 4268 4269 
	}
}


kazan = {
	location = 1082
	inland = yes
	color = { 97 102 135 }
	outgoing = {
		name = "novgorod"
		path = {
		}
		control = {
			3527.000 1756.000 3419.000 1721.000
		}
	}
	outgoing = {
		name = "moscow"
		path = {
		}
		control = {
			3489.000 1650.000 3418.000 1617.000
		}
	}
	outgoing = {
		name = "astrakhan"
		path = {
		}
		control = {
			3574.000 1613.000 3517.000 1547.000 3527.000 1477.000
		}
	}
	members={
		473 1081 2423 #samara_area
		2421 4265 4267 #volga_area
		475 1965 1966 2420 2444	#bashkiria_area
		1077 1755 1963 1964 4129 #perm_area
		305 1962 1972 4266 #kama_area
		1082 2422 4264 #kazan_area
		314 4262 4263 #vologda_area
		306 1079 1083 1957 #galich_area
	}
}
astrakhan = {
	location = 464
	color = { 193 179 127 }
	inland = yes
	outgoing = {
		name = "crimea"
		path = {
		}
		control = {
			3479.000 1437.000 3419.000000 1458.000000 3394.500000 1453.500000 3380.000000 1430.500000 3372.500000 1414.500000 3345.000000 1397.500000
		}
	}
	outgoing = {
		name = "moscow"
		path = {
		}
		control = {
			3486.000 1495.000 3414.000 1550.000 3365.000 1589.000
		}
	}
	outgoing = {
		name = "kiev"
		path = {
		}
		control = {
			3487.000 1457.000 3427.000 1502.000 3376.000 1508.000
		}
	}
	members = {
		464 466 2417 #astrakhan_area
		2416 468 #stavropol_area
		303 2418 2419 #saratov_area
		288 467 1971 2409 #lower_don_area
		302 304 2415 #tambov_area
		469 474 2365 2367 #lower_yik_area
		465 470 471 472 2366 #nogai_area
		291 298 299 2408 #sloboda_ukraine_area
	}
}
crimea={
	location=1322
	color={
		59 158 125 
	}
	outgoing={
		name="kiev"
		path={
			284 282 281 280 
		}
		control={
			3307.169922 1429.410034 3297.000000 1470.000000 3290.000000 1506.000000 
		}
	}
	outgoing={
		name="krakow"
		path={
		}
		control={
			3278.500 1440.500 3264.000 1457.000 3256.000 1476.500 3223.000 1490.000 3189.000 1511.500 
		}
	}
	outgoing={
		name="constantinople"
		path={
			1322 1321 1320 
		}
		control={
			3314.000000 1403.000000 3279.000000 1379.500000 
		}
	}
	#outgoing={
	#	name="wien"
	#	path={
	#		4706 2998 4531 160 2746 156 1954 155 
	#	}
	#	control={
	#		3268.000000 1423.000000 3248.000000 1426.000000 3241.000000 1408.000000 3226.000000 1404.000000 3208.000000 1394.000000 3174.000000 1397.000000 3157.000000 1408.000000 3163.000000 1414.000000 3156.000000 1419.000000 3132.000000 1417.000000 3125.000000 1426.000000 3121.000000 1444.000000 3124.000000 1449.000000 3119.000000 1458.000000 
	#	}
	#}
	members={ 
		1323 1322 #Water
		287 2414 286 2413 #azov_area
		2447 285 2410 284 #crimea_area
		2412 2411 283 #zaporizhia_area
		1974 2406 282 #yedisan_area
		1756 2405 4530 4529 268 #moldavia_area
		463 2201 2195 2197 #circassia_area
		425 2198 2199 2208 4306 #dagestan_area
	}
}
constantinople={
	location=1320
	color={
		126 203 120 
	}
	outgoing={
		name="ragusa"
		path={
			149 1765 1766 138 137 
		}
		control={
			3211.000000 1343.500000 3173.000000 1364.000000 3142.000000 1365.000000 3115.000000 1361.000000 
		}
	}
	members={
		1320 149 151 1764 325 328 2299 2304 150 159 1765 2746 2750 329 1846 2300 4314 4315 316 317 2296 322 4308 4311 318 319 2297 4309 326 4312 4313 164 1319 2348 3003 4700 4703 4704 4705 4706 4779 
		330
		156 1951 4128 #southern_transylvania_area
		157 158 1952 4127 #transylvania_area
		160 161 2998 4531 4532 #wallachia_area
	}
}

kiev = {
	location = 280
	inland = yes
	color = { 240 167 130 }
	outgoing = {
		name = "moscow"
		path = {
		}
		control = {
			3283.000 1588.000 3313.000 1618.000
		}
	}
	outgoing = {
		name = "krakow"
		path = {
		}
		control = {
			3189.000 1511.500 3139.000 1520.000
		}
	}
	outgoing = {
		name = "baltic_sea"
		path = {
		}
		control = {
			3185.500 1668.000 3157.500 1684.500 3141.500 1684.500 3091.000 1682.000
		}
	}
	outgoing = {
		name = "novgorod"
		path = {
		}
		control = {
			3234.000 1598.500 3260.000 1632.000
		}
	}
	members = {
		1945 289 4543 #chernigov_area
		290 2407 4542 #east_dniepr_area
		280 1942 1944 4247 #west_dniepr_area
		281 4540 1943 #podolia_volhynia_area
		279 2962 4539 4538 #volhynia_area
		278 1941 4545 #pripyat_area
		276 4115 4242 4544 #minsk_area
		269 277 1937 4537 #podlasie_area
		272 770 4535 4536 #lithuania_area
	}
}

moscow = {
	location = 295
	inland = yes
	#color = { 97 126 37 }
	outgoing = {
		name = "novgorod"
		path = {
		}
		control = {
			3370.000 1667.000
		}
	}
	members = {
		294 1752 4243 4248 4249 #tver_area
		308 1753 4117 4250 #yaroslavl_area
		307 4147 4253 #vladimir_area
		295 4251 4252 #moscow_area
		301 1778 4255 #ryazan_area
		296 300 4116 #oka_area
		1754 1956 4254 #suzdal_area
		293 297 4244 4245 #smolensk_area
		292 771 4246 #white_ruthenia_area
	}
}

novgorod={
	location=33
	color={
		97 126 37 
	}
	outgoing={
		name="baltic_sea"
		path={
			34 36 1926 
		}
		control={
			3262.000000 1736.000000 3194.000000 1730.000000 3156.000000 1720.000000 3091.000 1682.000 3040.00 1618.00
		}
	}
	#outgoing={
	#	name="white_sea"
	#	path={
	#		1261 309 1652 
	#	}
	#	control={
	#		3372.500000 1863.000000 
	#	}
	#}
	members={
		274 275 1960 4148 #pskov_area
		310 311 1959 2749 4260 #novgorod_area
		33 34 1961 30 #karelia_area
		32 309 4124 #north_karelia
		313 1776 1958 4258 #pomor_area
		1777 4151 315 #laponia_area
		312 4259 4261 #beloozero_area
		1955 4122 4256 4257 #arkhangelsk_area
	}
}
ragusa={
	location=137
	outgoing={
		name="wien"
		path={
			1831 3002 4755 4173 4126 
		}
		control={
			3105.000000 1405.000000 3106.000000 1427.000000 3101.000000 1441.000000 
		}
	}
	outgoing={
		name="venice"
		path={
			136 1308 
		}
		control={
			3065.000000 1381.000000 
		}
	}
	outgoing={
		name="genua"
		path={
			1310 1311 1307 1304 1303 1298 1297 
		}
		control={
			3101.000000 1349.000000 3096.500000 1299.000000 3055.000000 1269.000000 3041.500000 1303.000000 2984.000000 1338.000000 
		}
	}
	members={
		137 138 139 140 141 142 143 144 147 1766 1827 1831 1853 3000 3002 3001 4174 4175 4176 131 148 1828 136 1826 4239 145 146 1773 4702 4699 4698 4701 4750 4752 4753 4754 4755 4757 4780 
		152 4756 1767 4173 #slavonia_area
	}
}
tunis={
	location=1301
	color={
		146 134 57 
	}
	outgoing={
		name="sevilla"
		path={
		}
		control={
			2777.000000 1247.500000 
		}
	}
	outgoing={
		name="genua"
		path={
		}
		control={
			2907.000 1324.000
		}
	}
	members={
		339 1882 340 #kabylia_area
		2455 341 2473 4566 2454 #tunisia_area
		351 2458 350 #ouled_nail_area
		2453 2954 353 #djerba_area
		2452 354 2451 355 #tripolitania_area
		4567 2449 2448 2474 #fezzan_area
		2457 2456 2472 2450 352 #north_sahara_area
		2463 2462 2459 #hautes_plaines_area
		337 2461 338 #barbary_coast_area
	}
}
#pest={
#	location=153
#	color={
#		172 95 81 
#	}
#	inland=yes
#	outgoing={
#		name="wien"
#		path={
#			4240 135 
#		}
#		control={
#			3092.000000 1474.000000 
#		}
#	}
#	outgoing={
#		name="krakow"
#		path={
#			1318 2960 
#		}
#		control={
#			3116.000000 1492.000000 3122.000000 1501.000000 3123.000000 1510.000000 
#		}
#	}
#	members={
#		135 153 1864 4126 4240 155 1953 1954 4125 154 162 1318 1772 4236 157 158 1952 4127 156 1951 4128 152 1767 4173 4756 160 161 2998 4531 4532 
#	}
#}
krakow={
	location=262
	inland=yes
	outgoing={
		name="wien"
		path={
			263 4726 265 1770 
		}
		control={
			3106.000000 1520.000000 3084.000000 1516.000000 3077.000000 1508.000000 3070.000000 1500.000000 3061.000000 1494.000000 
		}
	}
	outgoing={
		name="rheinland"
		path={
			263 264 1763 
		}
		control={
			3083.000000 1532.000000 3069.000000 1548.000000 3034.000000 1562.000000 3014.500 1551.000
		}
	}
	outgoing={
		name="baltic_sea"
		path={
			258 255 1859 43 1927 1926 
		}
		control={
			3097.000000 1544.000000 3089.000000 1554.000000 3095.000000 1580.000000 3096.000000 1605.000000 3118.000000 1637.000000 3040.000 1618.000
		}
	}
	members={
		258 259 260 261 262 263 264 1940 256 257 1938 1939 254 255 2424 2959 2960 2961 2966 4238 2963 1859 4523 4524 4526 4528 4525 4527 4533 4541 4723 
	}
}
#saxony={
#	location=61
#	color={
#		36 182 69 
#	}
#	inland=yes
#	outgoing={
#		name="rheinland"
#		path={
#			62 63 81 1876 
#		}
#		control={
#			2998.000000 1544.000000 2970.000000 1532.000000 2956.500000 1530.000000 
#		}
#	}
#	outgoing={
#		name="lubeck"
#		path={
#			58 52 51 46 45 
#		}
#		control={
#			2990.000000 1555.000000 2991.000000 1578.000000 
#		}
#	}
#	outgoing={
#		name="wien"
#		path={
#			1770 267 266 1771 61 59 
#		}
#		control={
#			 3027.000000 1534.000000 3030.000000 1518.000000 3031.000000 1503.000000 
#		}
#	}
#	members={
#
#	}
#}
gc_south_germany_tradenode = {
	location = 1872
	color = {
		20 188 118
	}
	inland=yes
	outgoing= {
		name="wien"
		path={
			133 64 1757 67 66 79 1876 
		}
		control={
			3025.000000 1469.000000 
		}
	}
	outgoing = {
		name = "rheinland"
		path={
			4712 4713 70 4715 79 4774 63 
		}
		control={
			2959.000000 1526.000000 
		}
	}
	outgoing = {
		name = "champagne"
		path={
			1880 187 186 
		}
		control={
			2920.000000 1475.000000 2890.000000 1490.000000 
		}
	}
	members = {			
		71 79 4715 4718 
		4716 4717 66 67
		77 1761 4767
		75 4765 1880
		72 74 4714
		70 4713 4712 #lower_swabia_area
		1757 2956 2957 64
		4709 4760 76 
		2955 4708 65 4707
		4711 1868 1872 68
	}
}
rheinland={
	location=4742
	color={
		114 171 184 
	}
	inland=yes
	outgoing={
		name="holland"
		path={
			83 1760 80 188 187 186 
		}
		control={
			2928.000000 1531.000000 2912.000000 1541.000000 2902.500000 1543.500000 2881.500000 1535.500000 
		}
	}
	outgoing={
		name="wien"
		path={
			133 64 1757 67 66 79 1876 
		}
		control={
			3019.000 1543.0000 3032.000 1521.000
		}
	}
	outgoing={
		name="baltic_sea"
		path={
			1762 57 53 1857 45 
		}
		control={
			2966.000000 1562.000000 2962.000000 1579.000000 2972.000000 1591.500000 2984.000 1624.000
		}
	}
	members={
		57 1758 4773 2971 #braunschweig_area
		54 55 1874 4771 #weser_area
		56 78 80 81 82 83 84 85 86 1760 1876 1878 2973 2975 2972 1762 69 4768 4774 4775 
		49 50 62 63 51 60 61 1759 1763 52 58 59 2964 2965 2969 2993 4741 4742 4743 4744 4747 4748 4778 
		4772 53
		4749 4786
	}
}
baltic_sea={
	location=12
	color={
		8 82 165 
	}
	outgoing={
		name="holland"
		path={
			1857 44 1268 1269 
		}
		control={
			2966.000000 1599.000000 2957.000000 1596.000000 2915.000000 1602.000000 2868.000000 1576.000000 
		}
	}
	outgoing={
		name="english_channel"
		path={
		}
		control={
			2915.000000 1602.000000 2871.000000 1592.500000 2807.000000 1593.000000
		}
	}
	members={
		1926 1 2 3 4 5 1985 8 9 11 18 19 25 27 28 29 31 35 37 38 39 40 271 273 1930 1935 1936 41 42 43 1841 767 2958 2997 4113 4114 4123 4152 4166 270 36 1834 1842 4241 4534 10 20 21 4153
		6 12 13 14 15 16 17 22 26 1775 1981 1982 1983 1984 7 4141 4142 4143 4144 4149 4163 4164 4165 23 24 2752 4145 4146
		47 2994 4745 1858 #vorpommern_area
		48 2995 4746 #hinter_pommern_area
		45 2996  46 
		44 1857
	}
}
wien={
	location=134
	color={
		220 220 220 
	}
	inland=yes
	outgoing={
		name="venice"
		path={
			132 128 1769 1308 4738 
		}
		control={
			3026.000000 1470.000000 3028.000000 1456.000000 3021.000000 1442.000000 
		}
	}
	#outgoing={
	#	name="rheinland"
	#	path={
	#		133 64 1757 67 66 79 1876 
	#	}
	#	control={
	#		3033.000000 1484.000000 3006.000000 1499.000000 2992.000000 1505.000000 2984.000000 1509.000000 2978.000000 1514.000000 2960.000000 1513.000000 2947.000000 1514.000000 
	#	}
	#}
	#outgoing={
	#	name="saxony"
	#	path={
	#		1770 267 266 1771 61 59 
	#	}
	#	control={
	#		3031.000000 1503.000000 3030.000000 1518.000000 3027.000000 1534.000000 
	#	}
	#}
	members={
		128 132 133 134 1770 1863 73 110 1768 4710 4758 4759  4761 4762
		135 1864 4126 4240 #transdanubia_area
		155 1953 4125 153 1954 #alfold_area
		154 162 1318 1772 4236 #slovakia_area  
		265 4237 4726 
		266 2968 4725 4724 2970 
		267 2967 1771 
	}
}

	
#north_sea={
#	location=1975
#	color={
#		117 165 188 
#	}
#	outgoing={
#		name="english_channel"
#		path={
#			1270 236 
#		}
#		control={
#			2851.000000 1611.000000 
#		}
#	}
#	outgoing={
#		name="lubeck"
#		path={
#			1266 1267 1259 1258 45 
#		}
#		control={
#			2882.000000 1665.000000 2955.000000 1690.500000 2983.000000 1670.000000 2979.000000 1645.000000 2974.000000 1637.000000 2979.000000 1627.000000 2976.000000 1618.000000 2974.000000 1612.000000 2981.000000 1606.000000 
#		}
#	}
#	members={
#		
#	}
#}
#lubeck={
#	location=12
#	color={
#		190 70 70 
#	}
#	outgoing={
#		name="champagne"
#		path={
#			1857 44 1268 1269 
#		}
#		control={
#			2966.000000 1599.000000 2957.000000 1596.000000 2915.000000 1602.000000 2868.000000 1576.000000 
#		}
#	}
#	outgoing={
#		name="english_channel"
#		path={
#		}
#		control={
#			2915.000000 1602.000000 2871.000000 1592.500000 2807.000000 1593.000000
#		}
#	}
#	members={
#
#	}
#}

genua={
	location=1298
	color={
		218 215 56 
	}
	outgoing={
		name="champagne"
		path={
		}
		control={
			2903.000 1375.000 2880.500000 1385.500000 2882.000000 1409.500000
		}
	}
	outgoing={
		name="bordeaux"
		path={
		}
		control={
			2903.000 1375.000 2880.500000 
		}
	}
	outgoing={
		name="sevilla"
		path={
		}
		control={
			2903.000 1367.000  2868.500 1350.500 2828.000 1323.000 2816.500 1296.000 2776.000 1258.000  
		}
	}
	members={
		1298 #Water
		201 202 2991 4696 #provence_area
		102 2992 101 #genoa_area
		4727 103 1875 2981 #piedmont_area
		4728 2979 4740 104 1862 #lombardy_area
		2980 115 116 2978 117 #tuscanny_area
		2976 118 4731 4732 #lazio_umbria_area
		121 4734 2983 #campania_area
		1934 2984 123 #calabria_area
		124 2982 126 #eastern_sicily_area
		125 4737 4736 #western_sicily_area
		2986 4735 127 1247 #western_mediteranean_islands_area
		#valencia
		4550 220 4549 1750 #valencia_area
		2988 213 2987 212 197 #catalonia_area
		211 214 4557 2990 #aragon_area
		4560 333 4559 #baleares_area
		4391 200 2753 4695 196 #languedoc_area
		203 204 4719 205 #savoy
		1867 4720 1871 165 4721 #romandie
		1869 1870 166 1873 4722
	}
}
sevilla={
	location=1293
	color={
		57 160 101 
	}
	outgoing={
		name="bordeaux"
		path={
			1745
		}
		control={
		2718.000000 1276.000000 2746.000000 1320.000000 2739.500000 1387.500000
		}
	}
	members={ 
		1293 #Water 

		217 4789 4551 2755 #south_castille_area
		218 1747 4788 #extremadura_area
		219 221 2754 2751 4547 #toledo_area
		224 225 1749 4548 1748 #lower_andalucia_state
		226 4546 222 223 #upper_andalucia_area
		227 229 230 4787 4150 #alentejo_state
		231 232 228 1851 4556 #beiras_state
		366 4565 367 368 #macaronesia_area
		347 1110 2470 #southern_morocco_area
		342 345 2469 4564 #western_morocco_area
		343 344 2467 2468 #marrekesh_area
		334 335 1751 4563 4561 #northern_morocco_area
		348 2464 2466 4568 #sus_area
		346 2460 349 #tafilalt_area
		336 2465 4562 #algier_area
	}
}
bordeaux={
	location=1276
	color={
		36 132 247 
	}
	outgoing={
		name="champagne"
		path={
			1275 172 178 184 185 
		}
		control={
			2756.000000 1449.500000 2785.000000 1452.000000 2805.000000 1459.000000 2832.000000 1470.000000 
		}
	}
	outgoing={
		name="english_channel"
		path={
		}
		control={
			2738.000000 1466.500000 2712.000000 1489.000000 2774.000000 1513.000000 2808.000000 1522.000000 2832.000000 1551.000000
		}
	}
	members={
		1276 #Water 
		190 195 199 # massif_central_area
		194 198 4112 #guyenne_area
		180 4111 4386 4387 #poitou_area
		174 175 176 #pyrenees_area
		4694 4697 4777 # new for 1.30
		173 #labourd
		178 177 4389 #loire_valley_area
		169 170 171 172 4384 #brittany_area
		179 184 4776 #orleanaise
		209 210 2989 #basque_country
		207 208 216 4553 #leon_area
		206 4554 4555 4558 #galicia_area
		1746 1745 215 4552 #north_castille_area
	}
}
venice={
	location=1308
	color={
		54 167 156 
	}
	members={
		105 106 107 108 109 111 112 113 114 119 120 122 129 130 1308 1769 1774 1933 2977 2985 4729 4730 4733 4738 4739 4751 
	}
	end=yes
}
english_channel={
	location=236
	color={
		193 26 14 
	}
	outgoing={
		name="holland"
		path={
		}
		control={
			2840.000000 1564.500000 2863.500000 1549.500000
		}
	}
	members={
		1104 1105 1269 1270 1271 241 242 4366 4369 245 4367 4368 4785 239 240 4372 243 1860 1861 4370 4376 233 234 4130 4373 4374 235 236 237 238 4371
		246 247 4375 244 #northern england
		1975 1266 1280 1281 1282 1929 248 249 251 4361 4362 253 4364 4365 250 252 369 4110 4363 375 376 4119 373 374 4120 4379 372 4121 4380 4118 4377 4378 1978 1979 370 371 #ireland and scotland
	}
}
champagne={
	location=186
	color={
		148  30  70
	}
	inland=yes
	outgoing={
		name="holland"
		path={
			181 1866 92 1744 1269 
		}
		control={
			2862.000000 1510.000000 2858.000000 1532.000000 2865.000000 1540.000000 2871.000000 1550.000000 
		}
	}
	members={
		181 186 4390 187 188 189 191 192 193 1877 4392 4764 4766
		87 88 89 1743 #picardy

		1879 4385 167 168 #normandy
		182 183 185 4388 #ile de france
	}
	#end=yes
}


holland={
	location=1744
	color={
		220 138 57
	}
	members={
		91 93 94 1866 #wallonia
		90 1865 4769 #flanders
		1744 92 2974 #south brabant
		95 4770 1742  #north brabant
		96 97 98 4383 #holland
		99 100 1931 4381 4382 #frisia
		
	}
	end=yes
}